166 47 228 19 269
344 43 349 224 162
222 183 181 196 217
218 129 226 219 237
133 266 300 180 281
283 96 310 303 309
314 193 151 292 33
289 168 209 230 235
169 215 201 258 229
294 311 142 112 136
312 315 150 336 328
329 291 327 335 306
84 227 265 32 7
18 167 124 174 46
296 36 107 153 330
13 200 131 65 115
170 255 110 144 277
286 71 279 313 101
257 97 104 353 50
88 236 241 28 48
351 361 20 343 10
91 8 9 206 51
63 37 116 194 49
190 79 189 322 345
207 25 341 360 132
118 192 177 94 148
130 195 262 204 69
182 191 287 280 282
76 1 197 149 210
145 276 21 40 357
254 41 186 299 29
31 120 288 173 178
358 359 35 216 147
187 239 105 106 249
212 305 160 176 261
113 244 3 293 54
57 127 272 298 92
109 85 14 59 66
346 2 15 342 350
16 340 12 352 354
164 307 175 55 87
284 324 27 301 198
270 179 264 320 240
318 339 325 326 334
331 332 234 268 225
348 108 231 355 17
134 156 139 232 242
338 117 188 4 70
140 44 203 233 82
143 60 146 267 214
220 53 24 39 122
74 202 275 333 34
61 247 259 285 119
99 256 75 125 152
278 95 211 185 243
77 126 52 98 26
38 22 5 30 11
347 172 58 64 295
337 323 319 317 321
135 159 260 141 221
157 72 103 81 223
246 154 78 73 121
102 111 137 155 165
245 161 163 86 23
213 6 68 356 42
90 123 205 89 138
93 80 114 83 45
208 248 253 297 199
252 271 304 184 273
62 251 158 238 171
250 274 290 316 100
263 128 302 308 56
67
