	BLCA	BRCA	CESC	COAD	GBM	HNSC	KIRC	KIRP	LAML	LGG	LIHC	LUAD	LUSC	OV	SKCM	STAD
221545	-0.825676114176	0.232656800234	-0.633259651945	0.138931651782	-0.452545490859	-0.0878481744749	0.558864937836	-0.682787621085	0.574441076692	-0.768039880014	-0.636190776666	-0.141596703463	0.178640758261	-0.611547780445	0.571625833001	-0.588129213379
55296	0.293797854625	0.529718383491	0.51392722099	0.125847557414	0.26146595474	-0.157027380039	-0.630029238137	-0.654222406278	-0.462953663726	0.468936002623	-0.454183699756	-0.313157525676	0.609159081855	-0.149262232821	-0.673061481103	0.505717919776
6790	0.447941038968	0.658623883579	0.0472368304529	-0.559370027988	-0.089058737938	0.750061843768	0.504886760404	0.79238309104	-0.316966326234	0.520364077759	0.49453473791	0.792689392524	-0.164576291721	-0.460212418333	0.729914652737	0.192351475129
9256	-0.332588234718	-0.648207339043	-0.245235665539	0.211039044248	0.295730474103	-0.852630681208	0.526735198995	-0.818417510686	-0.826644792164	-0.747323326004	-0.375983713375	-0.888345577581	0.0962639954635	0.201777192884	-0.244298634222	-0.172634929593
378805	-0.725253283029	-0.438918992801	-0.0821476078236	0.736154767157	0.453981918809	-0.345841485468	0.838322482594	0.170191002677	-0.168290963483	-0.438402972595	-0.464440742092	-0.743925305091	-0.0250718797973	-0.0439105450012	-0.680697337668	0.422409484924
5987	-0.772154197567	0.111771932653	0.0527381035993	0.261324486506	-0.811998252762	0.205168081947	0.812982599671	0.250759114109	-0.595485207466	-0.428071084382	0.350075944235	-0.462735086983	0.319554728453	-0.774096557912	0.761672806347	-0.158702439028
256126	-0.71490484464	0.121801323726	-0.916915723234	0.319053293901	-0.305669128642	-0.345841485468	0.669632245977	0.924600235157	-0.0766861975826	-0.756614406536	0.0378606820759	0.108184367961	-0.578198249583	-0.488084386635	0.00338545250899	-0.50038506091
29766	0.844674174617	0.641233576571	0.744810564317	0.263512828641	0.124683517168	0.400175493105	-0.674588856293	0.410226467557	0.0102085497849	0.819201150157	0.23026538892	0.817362143842	0.46618335239	0.21035656318	-0.431568021199	0.350370902905
2305	0.574231151904	0.516079819046	-0.126161716275	0.404409013924	0.324452902098	0.280592298388	0.750097814458	0.871452276069	0.294967499492	0.494016840569	0.676140517813	0.871397323916	-0.218315570117	-0.270342139157	0.890518217999	0.0583669390411
346389	-0.0302871515121	0.759119453837	0.116337755567	0.454848824389	0.0746148706859	-0.491360705214	-0.727875342748	-0.672644138409	0.411859538162	0.843936205116	0.41439770261	-0.332449848485	0.190234505983	0.358853511318	-0.752760075957	-0.327361842443
10868	-0.455585079107	-0.0785719057618	-0.73695024842	0.834656878981	0.147089954135	-0.631370145321	0.474787085949	-0.68733687201	0.20682263552	-0.609221457865	-0.525960010877	-0.744093407306	0.43311180658	0.264589603236	0.125297962422	-0.159665399453
6770	-0.546632498224	-0.801044949302	-0.896898037207	-0.368230107123	0.524381128958	-0.69776889443	0.582600554816	-0.159799875187	-0.714202976955	-0.758421272229	0.291312612452	-0.740458405215	-0.903720535754	0.0752698951283	0.312302039227	-0.278471948834
10371	0.550750597881	-0.276158684348	0.904356145861	0.173321308486	0.500620850735	0.835503186702	0.506235813368	0.776170326247	0.740379449799	0.591720769192	0.644101293674	0.505783845942	0.483088301923	-0.127457820094	-0.263903563899	0.376863806523
7535	-0.624368633018	-0.616417613148	-0.790839406659	0.289197372373	0.226529507797	-0.927787327892	0.470565044581	0.313153805495	0.189750797595	0.460772349099	-0.826268529585	-0.740305288485	0.31268026223	-0.725263312922	-0.665883225466	-0.528708974111
9928	0.383373763827	0.572708982829	0.464205790172	-0.355514579931	-0.300295173397	0.244202781693	0.625955612739	0.898621014692	-0.234710550689	0.729292234818	0.594417485313	0.896304862572	-0.113083459935	-0.477554661592	0.248480667155	0.187784803759
117155	-0.836581818962	-0.316208072411	-0.408358619031	0.76143124995	0.0732793312844	-0.384005999659	0.698937547461	-0.467192210384	0.0687071560921	-0.621699128091	-0.247571515414	-0.414092837761	-0.120206340894	0.285980770379	-0.736007902045	-0.187928731503
22974	0.228890695949	0.603398764025	-0.0575140274389	-0.601194705776	-0.151067203033	0.350479105377	0.664748266524	0.908930782621	0.0826168165344	0.58732140785	0.858270982548	0.853729400564	-0.435569493345	-0.308082580614	0.651692833919	0.239517278507
5036	0.421181732105	0.162032037615	-0.488896441238	-0.40286895984	-0.211909179557	0.421690353158	0.656283954198	0.575836831588	0.58746590131	-0.447736401545	0.551444430116	0.743565113056	-0.388721810066	-0.450364621325	0.764994759504	0.0855975584309
871	0.236302734431	-0.166870474625	0.894584497041	0.718447935686	0.260631708158	0.734568547365	0.664603750965	0.871577209345	-0.27817598113	0.797762750444	0.062041425761	0.612857117584	0.0838181562342	-0.596178668373	0.525163073566	0.422409484924
80263	-0.459897516159	-0.798315701425	-0.251760040988	0.829841474992	-0.704820380405	-0.0662068190504	0.689821748604	-0.798781802362	0.292894856022	0.576818102034	0.35438923479	0.0350811120392	-0.754812825564	-0.507752297553	0.791202745519	0.58055372425
9133	0.326151991831	0.632868622008	-0.30005836679	-0.348303441951	-0.197995602369	0.626130202791	0.655841572187	0.873022094672	-0.321178468125	0.657043527439	0.487347550218	0.841848063627	-0.315161042112	-0.359767041541	0.407155771159	0.135505855836
10643	0.547004363617	0.286258227981	-0.10613121531	0.397835587965	-0.0863898195978	0.241814593411	0.758686777816	0.90650707244	0.801146610037	0.82356520367	0.411884631651	0.757740814469	-0.618623979919	-0.0717998657506	-0.0530704618123	0.36414760461
7127	-0.891608075109	-0.709669031183	-0.0330880657136	0.332706849591	0.566798406816	-0.51209224655	0.751002229607	-0.151884017421	0.491508251771	0.540030135742	0.316749807698	-0.0271412056461	0.322001811305	0.103414518141	-0.65198140765	-0.838829511765
332	0.309915578159	0.511185410149	-0.511008168966	-0.706520095999	0.126886242624	0.381251210992	0.738553438675	0.873444168654	0.237016580872	0.543770450397	0.680638685412	0.788157481959	-0.421097341955	-0.740395183212	0.713541645733	-0.403896436439
219539	-0.132334394671	-0.43830757761	-0.236326844229	0.628147195895	0.50496888876	-0.435047582887	0.575025791889	0.579426374471	-0.211057588706	-0.734181743062	0.0278337180071	-0.513941989035	-0.12925386409	-0.539538697406	-0.684364732152	0.669974573314
9441	-0.388690373649	-0.520945437957	-0.954246987712	0.220748401984	-0.497105741391	-0.659084042067	0.651690909046	0.670245965341	0.411859538162	-0.0434768839368	-0.658070649995	-0.801846446472	-0.104001231218	0.367926246823	0.407936728233	-0.83166089109
54821	-0.129117013762	0.894397784706	-0.317670875939	-0.289596056728	-0.0927930676612	0.266503725913	0.59728401247	0.865162692309	-0.0371388574667	0.609634712691	0.762070986648	0.745395762009	-0.544028662838	-0.144144012244	0.324504436553	-0.706324275725
5347	0.459469614815	0.755785391154	0.0723570758051	-0.654053620425	0.0183506702669	0.697250174005	0.764234391821	0.903781953593	-0.162326031972	0.497876610388	0.863468106379	0.894677769877	-0.00590159235131	-0.275183764843	0.753696023545	0.0536439691729
7083	0.0372656977607	0.310129159154	-0.757457369973	0.0731167321741	0.547351908052	0.274970975455	0.551161915809	0.702772111558	0.686691246366	0.521007361059	0.426248330973	0.793520448627	-0.467443837578	-0.612365759682	0.585641111539	-0.578022065682
10146	0.78939455343	0.468704089114	0.536741149551	-0.716231071131	-0.471582353139	0.77122759716	-0.671483252569	0.741852547558	-0.743920083931	0.503695322689	0.666359726157	0.738022714475	-0.0688203385735	0.0436517765158	-0.0768186896073	-0.00234154588604
84276	-0.270931371928	-0.57416955525	-0.176430174536	0.193005501707	0.48605829341	-0.446211907892	0.530280184763	-0.955404769716	-0.436773805827	-0.547866664699	-0.082295081743	-0.747352617315	0.201775434473	-0.523590566548	0.153305078457	-0.119955120796
29965	0.31363889775	-0.530803744991	-0.793841653933	0.301353722868	0.635282457536	-0.516459489239	-0.542105323947	-0.165245607891	0.269917411723	-0.498082928881	-0.236176476228	-0.771861659387	0.552850175496	0.429427970242	0.925322665349	0.490279885399
79000	-0.232442872377	0.679780316468	-0.638725802694	-0.704913447904	-0.141591984505	0.325300412798	0.66141181349	0.691186772603	0.585232897109	0.505799983809	0.676140517813	0.704751420787	-0.170318840284	-0.0665941146076	0.650343858185	-0.40802227975
284004	-0.810404076404	-0.793879751161	-0.661366141105	0.280559633964	0.365068665044	-0.483059122165	0.624694352047	-0.632144727062	0.117425338059	-0.553620109984	-0.260152704276	-0.602433713361	0.0604825513188	-0.717740205675	-0.667088290821	-0.700836367633
3838	0.684770487376	0.640311542533	-0.304607457385	-0.910494208289	-0.0504144583953	0.770403550535	0.397302887233	0.826900655516	0.231656432743	0.730858382286	0.95617255512	0.844256380181	-0.185574871011	-0.530203085739	0.835400128216	-0.288013533396
10970	0.706886781144	0.116018037409	0.217592882276	-0.115621438381	0.692726167242	0.230791541737	0.69973120641	0.667253091739	-0.42295258649	0.514547950469	0.472185174267	0.82782586586	0.0392596797842	-0.578187591569	0.448457915238	0.844325180054
81610	0.386184647966	0.723774007896	-0.42604739604	-0.315761237511	0.0688256613816	0.355810790211	0.658195736213	0.915481082759	-0.193412988445	0.580691868856	0.628549770516	0.804058491496	-0.752828800824	0.493992221824	0.626209848639	0.627327550141
64105	0.0310454084888	0.648316766171	-0.273254643273	-0.684819669039	-0.00520705353063	0.206626365386	0.57189823524	0.668434690072	-0.201386591419	0.501716756799	0.668041067486	0.795173720289	-0.737355782767	-0.346029290146	-0.470135790818	0.244473246799
259266	0.653353421048	0.604888814096	0.374971955975	-0.275712746267	-0.160514743593	-0.102557492588	0.586520338985	0.916744725319	-0.397148611075	0.726970223827	0.590237393948	0.875120038681	-0.493195652405	-0.48708757779	-0.0178133144325	0.361862316394
55805	-0.662080276391	-0.502506308017	-0.0289197946976	0.521316325482	-0.460211309417	0.0704415170836	0.589062020187	-0.692732242273	-0.535183357611	-0.427016576307	-0.0640149060699	-0.856238333186	0.346232368947	-0.340838727363	-0.160491014514	-0.102880270098
57522	0.66432257594	0.416531845	0.0210854436971	0.618083984527	-0.102383403532	0.150621839572	0.609954539547	0.645596476394	0.599467115188	0.542276900563	-0.108057713481	0.859600782976	0.287863977901	0.444529379369	0.694173171159	0.374603268508
1017	-0.0273072665067	0.72544567541	0.150127071896	-0.147968327011	-0.403354902431	0.456509868202	0.764557256446	0.697643032688	0.245207424887	0.748905952477	0.650264918132	0.706606985135	-0.478654004791	-0.276995797148	0.821299742201	-0.289824579991
11004	0.185320754375	0.650578073872	-0.409979708944	-0.629040171877	-0.013447279729	0.206626365386	0.683941836165	0.896441160987	0.320636654747	0.753443673288	0.881103852417	0.796405967731	-0.265889006044	-0.0886901136502	0.621059400851	-0.477076015427
9104	0.0605929793666	0.00504493177885	0.0140756247158	0.375854051448	0.694584148146	-0.580053475715	-0.668748497441	-0.828305694329	-0.149655682048	0.514288346858	-0.69936525884	-0.781129678777	0.731180915161	-0.427670277338	-0.0699898134231	0.730194074043
55010	-0.217526587595	0.782133039326	-0.522829772066	-0.711522438545	-0.0901259494646	-0.208192822485	0.547002642636	0.673090086866	-0.0576539676254	0.647203698068	0.603645986727	0.714189006992	-0.605903102108	0.0351531340552	0.0267776389703	-0.236507086491
9260	0.316239502945	-0.579222287826	0.631561155105	0.383898126455	0.0221539394757	0.386876782054	0.701444890863	0.679926591214	0.768222062678	0.463825661894	0.361325056716	0.779278796764	0.331746944312	0.051473916903	0.55435650475	0.575294748817
51203	0.449587861284	0.690363939786	-0.531067188839	-0.0479741186282	-0.287517546826	0.252300341319	0.494005563639	0.885489584821	0.0303904875359	0.552782120258	0.277036819671	0.781323218531	-0.682115556566	-0.192418696222	0.25680952035	-0.0387594102991
5351	0.757985400929	0.189319056172	0.878954228003	0.428366592592	0.591193373359	0.608859250356	0.267979240773	0.880249730199	0.334475399462	0.752603036496	0.479802184658	0.739701104777	0.0849014986443	0.0730422378705	0.00113785303956	-0.158702439028
56893	-0.455296818141	0.334310276307	0.0639922722414	0.0298776301312	-0.807927863055	-0.533306884669	0.523359801829	0.688593018761	0.18464280321	-0.673431633855	0.561381739417	0.133348074858	-0.476627197967	-0.229275725549	0.765576803171	-0.344453205802
138429	0.465887416644	-0.311430570024	0.0637307210095	0.760937007603	-0.834832156773	-0.45292342844	0.82549315513	0.607131937481	0.539774823973	-0.465968324389	-0.156931541412	-0.749505646691	0.60294609093	0.717615036522	0.265100402072	-0.0769114823469
1486	0.312225164686	-0.299073496561	0.506155220838	-0.538609487693	0.389255355443	0.432480743458	-0.546689425189	0.74402110303	-0.685701283553	0.778655416595	0.225596984724	0.154370925664	0.2873635533	-0.245318130182	-0.83728192121	0.0866426029013
54103	-0.820539061264	-0.814967557121	0.00365043352571	0.226330251267	0.596986108205	-0.632261993236	0.52448676935	-0.705179085569	0.0754776932257	0.691718464142	-0.46338535682	-0.686229044346	0.109757897808	-0.496012998133	-0.699616325921	-0.250448177685
440503	-0.864289676323	-0.809949839581	-0.313663912487	0.210290415921	0.463172608717	-0.523319655937	0.5944455017	-0.743642285794	-0.0763275717445	0.236881332089	-0.747939765867	-0.763041215827	0.497591005446	0.37884956976	0.484712184895	-0.248131688124
1033	0.467822614568	0.471750177467	-0.338026646872	-0.662346252747	0.22992399796	0.606297436225	0.615773925842	0.875365712848	-0.251680104465	0.466591874314	0.65201042943	0.843611724265	-0.72762078233	-0.18485171872	0.373423597397	-0.0416692825351
11065	-0.421039105015	0.436367930157	-0.394593251928	-0.247603146889	-0.15369436674	0.53885313966	0.762614310195	0.86866153391	-0.204845134681	0.533748618044	0.701027550939	0.742058969526	-0.451912007514	-0.153095671759	0.692958135325	0.0615141478027
81704	-0.817401347556	0.051187136455	-0.513265338788	0.225958585617	0.521779928073	-0.6328556293	-0.697202565672	-0.59083750114	-0.0411008904065	0.595925830603	-0.114255925421	-0.630210795672	0.746777685152	-0.182324466711	-0.694413978967	-0.484671233191
10024	-0.35166242612	0.558883764338	-0.624516542649	0.140467864247	-0.0938595443718	0.0986627498114	0.837551340837	0.861859135952	0.144181560094	0.563114533011	0.632429365886	0.689575516087	-0.589019667896	-0.565871084718	0.800640262684	0.393006349026
84193	0.820683117168	-0.272307999663	0.252817418537	-0.0557263867193	0.09904750259	0.589999287382	-0.734087166624	-0.676314861173	0.0145183105576	-0.626877264914	0.304085410685	-0.515408981832	-0.457639642911	-0.285425753739	-0.521605107768	0.111141399366
1058	0.290780356257	0.465646813208	-0.233961891735	-0.612174229852	0.270616663867	0.490756112096	0.74019650985	0.895875818113	-0.533637081793	0.62093199188	0.841122901632	0.75943682149	-0.656019744722	-0.336787186944	0.587790551218	-0.102880270098
3115	-0.411296244984	-0.687985879399	-0.628066563569	0.0956723899398	0.591775420019	-0.447795652974	-0.550160236482	-0.332094266988	0.504586285387	0.693774864634	-0.309565287263	-0.787648125433	0.595604055292	-0.461757127289	-0.866618840331	-0.672121448409
3113	-0.43311180658	-0.5901830145	-0.564540360829	-0.102066748147	0.378569291665	-0.317662430515	-0.562159108435	-0.13916599333	0.501762525288	0.717941986128	-0.0978568943751	-0.748182572743	0.67742064476	-0.403329280744	-0.846026418124	-0.692703416599
25825	0.194980160829	0.568224207622	0.882894831709	-0.511456679848	0.852924179475	0.715555562537	0.61060442184	0.344102935203	-0.107087538852	0.78665615604	0.490230443228	0.558438968605	0.297839172134	-0.150540550363	0.798783621308	-0.118494193128
144455	0.566915779299	0.450817204502	-0.290155267802	-0.212094523036	-0.392034025529	-0.0922652912251	0.573116493581	0.88545415561	0.0472282849802	0.809451445084	0.595885199645	0.858042946049	-0.536591622318	0.333223148862	0.165626220922	-0.238837549634
165186	-0.491132900427	-0.875702260699	-0.620940526758	-0.259156043258	0.319236534775	-0.448191151185	0.573811506186	0.307581517347	0.713659566151	-0.682495737076	-0.498184958003	-0.793939222912	-0.0727394178217	0.0930622750744	-0.768442973366	-0.454644870946
9221	0.632552183576	0.368244173341	0.401289905492	0.00159029082659	-0.203158411785	0.627670799369	-0.252823470341	0.862550290508	0.320636654747	-0.712300532701	0.263695326636	0.72419161226	-0.11891216977	0.54203555093	0.7752816359	-0.554535584001
51512	-0.0928397147303	0.435100608472	-0.373490386008	-0.608156070122	0.0159789442282	0.287591939134	0.690228623646	0.851531702194	0.20138731118	0.499865346268	0.766325441195	0.772744173738	-0.508440979565	-0.0516083518616	0.556622851527	-0.596148707972
286827	-0.528532724855	0.363841306205	-0.671416534679	0.250709931891	0.158892856779	0.283395786141	0.513706638247	0.825655712415	0.189021705774	0.531979131935	0.56500270894	0.740882319904	-0.441402205797	-0.700849532001	-0.490153823916	-0.320730002882
26206	-0.551712720659	-0.827532280923	-0.618713758112	0.753247245754	0.0545563400838	-0.248519970513	0.514658867203	-0.81816621357	-0.360701426837	-0.271039277326	0.163666213911	-0.755127148916	0.137155221627	-0.0621663625723	-0.667288796525	0.463854209098
1796	-0.583862706695	-0.569328595407	-0.304102684032	0.156938003117	0.625300365339	-0.546626567368	0.575372266309	-0.551893106786	-0.0616079631853	0.495749505557	0.43519511711	-0.792178829179	0.408875940161	0.283236061351	-0.71619756165	-0.479362155488
54858	-0.701916077464	-0.396434121641	-0.449873503969	-0.0734841271029	-0.173065574102	-0.229392139135	-0.815599604596	-0.703254121308	0.0600467788195	0.465762964773	0.0714688520149	-0.86224832965	0.495947317765	0.337199694749	0.296583003549	-0.723703600634
705	-0.00872863810679	0.196097102784	0.1506404379	0.273688968314	-0.600495310654	0.185639543435	0.576756100162	0.604344778645	0.600676895303	-0.441079460337	0.282622830489	0.289288098987	-0.388164393988	-0.432466496593	0.801143968874	-0.150022413194
701	0.657727915447	0.82655421728	0.311528715251	-0.0269710521033	-0.479491558437	0.431655040688	0.674882138436	0.809018130583	0.166687813447	0.588476452722	0.707518232877	0.820631877442	-0.681061062451	-0.468928735138	0.272051977655	0.0934306439281
50624	-0.781668454553	-0.38424191649	-0.493328773257	0.764703665329	-0.267659542273	-0.198706435014	0.65436370805	0.296535837998	-0.324732697638	-0.426715074651	0.220557865541	-0.322229971304	-0.0440206361756	0.00391993810912	-0.690463931539	0.046239901598
160428	0.838539443206	0.479617426957	0.358836555562	0.667223495275	0.0116825481486	-0.319440806534	0.487125020438	0.702058665627	-0.30228982826	-0.67992701709	-0.0693702028452	0.266343170718	0.121061801905	0.067098314005	0.534592691734	0.490279885399
78995	0.286621843118	0.297705787031	-0.300311454704	0.0820714727543	0.212469792879	-0.12404851941	0.650198986652	0.727308660791	0.767290671038	0.359047960316	0.334358434174	0.749514836622	-0.520029527873	-0.0424747562683	0.767315437709	-0.236973397826
983	0.0343000625434	0.544190413279	-0.553063069574	-0.546353798608	-0.0137161919212	0.220191985339	0.571375350673	0.86947459595	-0.0486610790035	0.471959799377	0.738408091212	0.818966779622	-0.600893687046	-0.109407302987	0.121609039295	0.145825960176
84910	-0.59017948854	0.0310029668317	0.830544453019	-0.519848177363	-0.0757021188971	0.754468816508	0.480382642342	0.770970816735	0.0916224605006	0.690279666957	0.675523186939	0.436886032429	-0.0649645042388	0.0269478532512	-0.680891215866	-0.583912707384
8495	-0.821818266512	0.620760668436	-0.776902434385	0.537106981507	-0.0633898752463	-0.743799757588	-0.605676639525	-0.203795978743	0.279356205168	-0.443896154465	-0.175673413376	-0.755547586993	-0.283489502031	-0.813417407137	-0.125806964222	-0.504447364858
890	0.456546226904	0.703041340793	0.217342679989	-0.775806729658	-0.144753363794	0.629819402136	0.727535429163	0.846338532139	-0.187502927085	0.595128453071	0.733021726805	0.857421285049	-0.417851600972	-0.395636285063	0.438300704183	-0.0318520877105
83461	-0.0253082879222	0.157840169382	-0.498781123836	0.0272162587734	-0.0569581877459	0.14118255781	0.839625764285	0.833093247723	-0.00887390579978	0.192608705555	0.705240842902	0.792550595915	-0.753680780426	0.0170968181838	0.826562455335	-0.0832922276714
18	-0.496084427831	-0.605505411853	0.305588281435	-0.0566379948504	0.351020317339	0.139192005182	-0.710045519243	-0.822549741955	-0.264474874486	-0.506353505089	-0.59444212469	-0.866813047251	0.037625437647	-0.340260706017	-0.532565444276	-0.394344562905
4751	0.227913428245	0.484420889019	-0.144728511736	-0.478320885719	-0.171499702457	0.420019529431	0.577619319446	0.903706790609	-0.117417004737	0.557665980932	0.676140517813	0.867571471269	-0.190640783138	-0.301558536089	0.457760655811	0.219069468035
55635	0.542072192828	0.63145985916	0.339466654688	-0.777439876455	-0.202126743273	0.670792607129	0.558686879151	0.872174007493	-0.374429031378	0.777331621495	0.749900319684	0.848492243299	-0.538458794608	-0.27276467898	0.124376052283	-0.0513306302598
1104	0.208076681287	0.691590103663	-0.0550185815752	-0.172469972494	0.44970707477	0.221157774683	0.55044051789	0.873544623721	0.744789141959	0.610078162054	0.667411361165	0.54548520012	-0.0694736692737	-0.224313980561	0.762458076859	-0.366889820382
51816	-0.218254101639	-0.428469937711	-0.518978901779	0.175979554679	0.734200504695	-0.604147880668	-0.581367586686	-0.448115437085	-0.257752065879	0.765921592658	-0.000842746797081	-0.761779899972	0.527745961404	-0.606198985091	-0.755875025218	-0.0303221743958
83449	-0.088872017907	0.11331645138	0.285938007446	0.457020732115	0.54703831025	0.200300587142	0.545549565552	-0.704517299754	-0.10173548223	0.631765002484	0.454637226136	-0.264089793035	0.191811445401	-0.0439105450012	-0.625462809721	-0.12773781459
23397	0.341032494118	0.677671087747	-0.0923608051964	-0.457610287986	-0.137900059405	0.287591939134	0.527483043303	0.84626093337	0.359417677647	0.536896817958	0.675317199232	0.767272814462	-0.343253467656	-0.223692938053	0.343639156851	-0.163033357425
6241	0.408548866309	0.807454619833	0.0172000631002	-0.678948378844	0.598999011814	0.308404936128	0.550620944522	0.890400256812	0.296692585498	0.54699468391	0.748571092545	0.883664161116	-0.800114330714	-0.631998317961	0.298716839467	-0.207390596008
9700	0.47487999043	0.688105633999	-0.532064973754	0.116198624285	0.111442079326	-0.228923318396	0.526922236611	0.859262710793	0.446703769068	0.553027222568	0.647853583994	0.726755985223	-0.181768936831	0.182361846844	0.707045567694	-0.168798128753
829	0.0740999168414	0.0687221677739	0.111412648639	-0.748022331006	-0.328408733854	0.643105630599	0.560642690964	0.690429109211	0.199572758887	0.836356981201	0.653965901667	0.711323566756	-0.064049271319	-0.764489593736	-0.298179238774	-0.198391079835
79758	-0.0913972502737	-0.891606542339	0.365453719601	0.0980005359113	0.253943806811	0.462516275649	-0.641123373646	-0.905252498625	0.386111245131	-0.460175922086	-0.765370894936	-0.514578978658	0.703664687057	0.554567408964	0.198221193266	0.510404397865
3014	-0.152643759815	-0.198335518688	-0.438711471956	0.0746749665529	-0.0519703483838	0.0221283668078	0.7958141569	0.714993524873	0.32233180087	0.512208124957	0.476881018912	0.811326012207	-0.613328009483	-0.715194518737	0.527194731812	-0.427997143577
4188	0.0236686104859	0.173054962343	0.226830016779	0.346911632002	-0.141064805237	-0.308737182075	0.506043242879	0.596387595789	-0.243553306511	-0.273258208846	-0.173065574102	0.776773793599	0.279838478883	-0.221206955579	0.805955017032	0.100731122809
3655	-0.140839676542	0.0445539803896	-0.0577912554173	-0.133177634419	0.360014375442	0.692260938928	-0.787703366826	-0.142272353655	-0.0684329692944	0.674041059072	0.389308584132	0.847800685811	0.223650851017	-0.356346901655	-0.736834851109	-0.638606375352
24137	0.221295137534	0.815205345089	-0.561691110861	-0.218635083687	0.282192491145	0.510909226315	0.672903642749	0.854584388798	0.0525086143402	0.730035050177	0.760318566457	0.878486555842	-0.482692344222	-0.383434572609	0.510081172622	-0.324712930444
6464	0.0428656205285	-0.260351075277	0.858022231624	0.20579349323	0.182359778939	0.59362735279	0.74495788432	0.908668966583	-0.0341845753016	0.62995854865	0.47100699717	0.87916655256	0.226758156925	-0.0698481520669	0.186949200356	0.0934306439281
3678	0.587807993589	0.247031333908	0.927152116103	0.613707939181	0.764585660967	0.795335218104	0.345091798845	0.729068431707	-0.237095184995	0.720667869158	0.467462376355	0.753737970215	0.621698356259	0.229540327788	0.0166214321691	0.490679669331
90381	0.0428656205285	0.698863857025	-0.408822051103	0.339655378057	-0.274636748697	0.0401813998212	0.814556666067	0.822585242972	0.462600233031	0.655334889216	0.549332091497	0.79830973235	-0.654521366862	-0.195564917698	0.750441578601	-0.297948482717
79094	0.0218136711164	0.677671087747	0.335743632883	0.0684399168195	0.533728661249	0.237029442523	0.705758802396	0.729566355137	0.756020560143	0.43724053926	0.142953491916	0.462351291292	-0.141498030441	0.166435355827	0.788029397933	-0.826409166502
2288	-0.134120628796	0.0671650563781	0.365226150374	0.496651453715	-0.289490145188	0.250398162292	0.52053436204	0.61306293133	0.182450588095	-0.211866844629	0.293391089499	0.88996169849	-0.354209317846	-0.17536218385	0.862291043252	-0.227626682912
7919	-0.851527690769	-0.397072010161	0.402170858901	0.525298340956	-0.833687419561	-0.0686695889019	0.828439437792	-0.0939714726849	-0.201732673343	-0.53759370901	-0.154307060502	-0.323005854692	-0.550466756561	-0.616030472373	0.750441578601	-0.487312479205
860	0.867336294871	-0.00545077499671	0.620543218107	0.457330561144	0.375497332583	0.175326989922	0.611901722533	0.137274797317	-0.234710550689	0.657745129405	0.164771932073	-0.0822738579441	0.288864355418	0.178750265133	-0.713192277187	0.762124251219
10403	0.172934107651	0.493940609183	-0.308891102338	-0.138114798171	0.0239434980955	0.332091934012	0.728022497637	0.79900376644	-0.00707033418591	0.644322389952	0.841676020333	0.812851592158	-0.682466425704	-0.630030816196	0.0817612613246	-0.222467931144
9918	0.540322438745	0.421046734877	-0.0846335706685	0.370121602543	0.011145465053	0.0537552391353	0.580544616571	0.788298027323	0.0562784986114	0.689632272231	0.519851589989	0.805243086502	-0.647714735859	0.107106443193	0.67220737225	-0.299747997322
10460	-0.281011334316	0.200980771027	-0.492064988191	-0.717120646566	0.10480618858	-0.299306818861	0.706148407412	0.813740686676	0.665766543941	0.564439022291	0.637628151156	0.838587717361	-0.32986528412	-0.29560296251	0.269448418224	-0.290277018123
9493	0.619766410525	0.721719260328	-0.0422540079174	-0.176459933346	0.0392367842677	0.597231446224	0.697876651542	0.766321882069	-0.0863612953322	0.671441841319	0.705050399858	0.822379862014	-0.557292789911	-0.109407302987	0.409886509832	-0.00647128248426
26112	-0.390541326185	-0.72813596398	-0.495220551588	-0.315349520647	0.833818376094	-0.40654871746	-0.546906904444	-0.104984880324	0.228791901893	0.707256901726	-0.566815730498	-0.784482975722	0.875519650704	-0.333885563895	-0.638055680636	0.297620412968
6618	0.387972854708	-0.892148550915	0.0794070179715	0.346222329445	-0.0799794260616	-0.343661510716	0.683941836165	0.579662462147	0.58423759027	0.649658765261	0.646312303589	-0.307236328916	0.338043683001	0.095282385162	0.455165843557	-0.473634669564
147699	-0.810154250886	-0.128366531346	-0.656803772712	0.670254837181	0.420315534527	-0.463089445757	0.471974802291	0.608907231666	0.431136020752	-0.0274597984768	0.359347426551	-0.0591216182547	-0.290717747997	0.354291446616	-0.644015906463	-0.322501603718
124817	-0.873293576985	-0.680131546154	-0.841686746328	0.111172378947	0.227803091469	-0.786748463806	0.801069283076	0.366631107247	-0.243553306511	-0.531537270969	-0.345574084821	-0.74436385403	-0.578198249583	0.0740819033238	-0.70601647509	-0.301096235736
10112	0.173466174398	0.697460657682	0.109077776432	-0.642389402215	0.395315208415	0.498806245508	0.699995376319	0.919154376828	-0.588455612255	0.654629375766	0.900024506255	0.863260087159	-0.513292358248	-0.105529510794	0.67220737225	0.355900222391
2245	0.605755992892	-0.309720481268	-0.18557744514	0.532632793288	-0.278610831651	-0.338852531139	0.651839824776	0.78362569798	-0.249313394928	-0.477149222882	0.360995676725	0.597238080551	-0.658629509233	0.203209278734	0.923414542504	0.621223575237
9787	0.716853674096	0.671920109641	0.116596815475	-0.74559559076	-0.386557244746	0.394190026678	0.483562678554	0.886395419336	-0.287799486265	0.645971103686	0.889614727441	0.889884026409	-0.703611543408	-0.235461164215	0.293162705165	0.0473429769632
1981	0.853644554468	0.739756492376	-0.0458629674395	0.45764027919	-0.409641372086	0.485730233808	0.16721310202	0.656451160142	0.418743132575	0.481236004427	0.531636908207	0.755666383613	-0.223934886173	-0.314577777058	0.779542384919	-0.409256800568
5523	0.851731064539	0.398596222653	-0.461553683393	0.0980005359113	0.278480454754	-0.36400448691	-0.745324515977	-0.692113610307	-0.758838333427	0.430362456348	0.501938333963	-0.242454960625	-0.704273874508	-0.31044783331	-0.0498268057692	0.560675360221
41	0.903035733181	0.435734485277	-0.0106806502591	0.0571255845295	0.380102154837	0.480281605814	0.580716228518	0.659814814549	-0.083137981068	-0.773353807451	0.113149739795	0.13869821012	-0.540785344958	0.539922983335	0.258121158412	-0.355291201539
83903	0.108043644201	0.677247897626	-0.34196262365	-0.293361647091	-0.142646101856	-0.0377850703083	0.635002200185	0.880329746321	0.474990273575	0.498805340907	0.357696931312	0.752283087032	0.0951828858924	0.162076280487	0.357193701985	-0.487312479205
729533	0.455491122729	0.561299354728	0.428463582865	0.0672702347143	-0.507162779962	0.300575629522	0.717639009673	0.801814048315	-0.0974495773809	0.469486605373	0.727185061412	0.862305770475	-0.547715503843	-0.452966938836	0.146439087149	0.582991486877
80216	-0.790150146445	-0.0601136692666	-0.235013325414	-0.384322286636	0.372417100908	-0.503647296505	0.568403568587	0.0615168474329	-0.426795606557	0.589974427493	-0.302658829306	-0.248010960647	0.341903654693	-0.277599371104	-0.686281152758	-0.469793919736
79019	-0.139474059871	0.212959174879	-0.920647307278	-0.223853455356	0.330846032141	-0.0868661174277	0.670345644507	0.64605075858	0.65316113598	0.391645736323	0.56577581671	0.694246213982	-0.827969648565	-0.0354892086304	0.625355199807	-0.679102527881
2203	-0.826715066656	-0.747279283166	-0.0497481980962	-0.0446890075856	0.753197641179	-0.119173662195	-0.718703988162	-0.74275561635	-0.0999501381743	0.716742437764	-0.513527832451	-0.830060625165	0.775655033564	-0.235461164215	-0.626342000194	-0.557266295504
993	0.378932196823	0.554836621751	-0.597865213859	-0.578539877762	-0.218578170703	-0.103047067882	0.655251028064	0.612396863995	0.402079708606	0.42877912291	0.627632344197	0.819212516993	-0.650374207257	-0.367709765967	0.767122810441	-0.38722914902
220134	0.471679576327	0.675763198338	-0.475877915589	-0.699115989664	0.22992399796	0.149629492166	0.762505962959	0.819160419004	0.102484183903	0.631871051522	0.744884502934	0.757899755481	-0.31634308172	-0.329812647241	0.445460252452	-0.433228279459
9605	-0.781385337141	-0.67931698839	-0.115472222438	0.475715980248	-3.96449703934e-05	-0.597508163722	0.604068612038	-0.708848263985	0.14936102151	-0.569794680696	-0.39051546045	0.216073519968	0.456305313595	0.317870519169	-0.335235762494	0.70809054676
6519	-0.499367643158	-0.200153032122	0.130303440739	0.307750292721	-0.0789103691379	-0.0961885765542	-0.878622214025	-0.78232020621	-0.580858061462	-0.513718275031	0.188988387644	-0.174049732488	-0.417309602419	-0.0227500950673	-0.678948138368	0.135505855836
84823	0.536515235511	0.291276822565	-0.0793842287897	-0.17291358362	-0.14527997495	-0.146392336141	0.681176288267	0.896950160066	0.640851965936	0.494283660512	0.730028265094	0.756466045243	-0.583851258094	0.440927545397	0.601709895177	-0.695264222216
60681	0.858470240689	0.0916466910908	0.934809706967	0.777406625448	0.117185178476	0.412465620398	0.567175560894	0.659722163294	-0.426795606557	0.669790641912	0.0643050819114	0.479780530931	-0.36506879239	0.0901006919302	0.642713452974	0.805997271391
7318	-0.613350778211	-0.897208522948	-0.334325895338	0.428686360802	0.155400273655	-0.301107660496	0.649570879246	-0.190225793844	0.595577367668	0.591583101404	-0.448830441748	-0.641204026021	0.569664979609	0.0705909736644	-0.848169602616	-0.654700005902
653820	0.0375539892391	0.597144723844	0.028093190195	0.348977290153	0.00559528628117	0.420855298236	0.830217684091	0.826654044144	-0.105304193805	0.466315662081	0.777947891367	0.823752764241	-0.712450124466	-0.505808599824	0.112834552845	-0.118981226342
64151	-0.0327215384075	0.695648654258	0.138813004384	-0.789617933707	-0.289490145188	0.330736353652	0.64554203025	0.885365537534	0.272019483258	0.64699850011	0.786329828706	0.811326012207	-0.418393302259	-0.336207371631	0.094769994112	0.182192290135
79412	0.334675508708	-0.155440949126	-0.110529420019	0.665044623611	-0.278610831651	0.343782447213	0.547002642636	0.564412658297	-0.448952876109	-0.441969885702	0.295466796549	0.79031865243	0.0134743617548	-0.0583878090863	0.707747370508	-0.337905823369
55215	0.0266773821347	0.691997941727	-0.519994344022	0.186964571257	-0.287517546826	0.0618498854725	0.518455097383	0.679536758988	0.495797711404	0.491611274521	0.508146040458	0.812724884185	-0.781942863592	-0.678574872834	0.477514954931	0.00963330906615
4150	0.515880352085	-0.227244220614	-0.524646463785	0.225958585617	-0.207795310315	-0.313652918046	0.633144539852	0.632698602881	-0.187154848778	-0.51899068799	-0.0277407738692	0.298803982504	-0.0440206361756	-0.27639200452	0.735767366144	-0.405548759145
5905	0.165093608821	0.0698897820477	-0.545292713172	0.236340001862	0.386974157069	0.236550289966	0.714612073016	0.556450746546	0.714770966522	-0.47771850762	0.419717020725	0.761530644576	-0.476627197967	0.300991953635	0.595097313358	-0.721816067655
81930	0.315534092216	0.609579448142	-0.0168266385726	-0.353515680759	0.206478011319	0.470459200353	0.668345008707	0.922623635876	0.230582701433	0.807985811205	0.795129532087	0.837431625682	-0.207661977954	-0.747691719372	-0.210376806325	0.0588915561121
63893	-0.154774415792	-0.13951856714	-0.0237775571149	0.327121852223	0.370101525823	0.453692522595	0.658489106082	0.806538077123	0.29393152328	-0.534835625108	0.4993837752	-0.175765287281	-0.183672592273	-0.611138299839	0.79519644899	-0.612762619212
2166	-0.799261049787	-0.416654532497	0.304635585905	-0.373750485974	0.12644579692	0.372978254212	-0.446191929526	-0.796653264714	0.504586285387	-0.607828515963	-0.155619575581	-0.865619148864	0.648383177347	0.53354435489	0.302124766005	-0.925524419311
9833	0.149810430757	0.412969945372	-0.00600802194733	-0.597091219587	-0.313936068939	0.279656734777	0.536024498268	0.797560516614	0.431136020752	0.637353038763	0.835035818151	0.774542888166	-0.383694858145	-0.538611015819	0.156504191269	-0.363464857948
252884	-0.105084333748	-0.410378523028	-0.140913813816	-0.610742775987	0.142707668563	-0.634336468918	-0.580751113202	-0.927246636207	-0.0852870547435	0.544019041305	0.00981029132235	-0.816979390497	0.486843484224	-0.626468840885	-0.365661904752	0.0173177041493
2590	0.234744556738	-0.523945223748	0.843223140605	0.099939839583	0.378185750738	0.720717810454	0.342123558731	0.83453908542	-0.45211552888	0.818503265417	-0.147736400852	0.902530006432	0.296844531972	-0.315755585083	0.761869334168	0.0491811780091
9055	0.590231998713	0.699063876382	-0.47781206676	-0.165807503684	0.13260742301	0.46011875742	0.694809453229	0.859777021763	0.250530563079	0.505142921835	0.586025406654	0.883361070373	-0.595836622073	-0.620875580658	0.594794803917	-0.126279727473
3122	-0.493062296582	-0.568048041999	-0.566621300464	-0.419584739591	0.358064755732	-0.423747867264	-0.615020214297	-0.159861638382	0.427434898963	0.73712721108	-0.302251566963	-0.739606783956	0.610187393225	-0.392322127365	-0.850085046221	-0.78132286757
3120	-0.340135923075	-0.75437968971	-0.620256430248	-0.191039322553	0.347483077111	-0.544541449764	-0.612506430128	-0.255149715184	0.569352294557	0.557544351154	0.0510918375777	-0.779214159347	0.211176668151	-0.544617552752	-0.791897774783	-0.342710477689
26234	-0.302703534783	0.24041001133	-0.0591772607707	-0.80451932715	0.0097579713809	-0.214338156997	-0.902188661065	-0.932813823351	-0.487250377341	0.614930913984	-0.831459320951	-0.204902911311	0.503315806373	-0.26912958207	-0.697024324894	0.606129093158
54478	-0.069717592667	0.422654168969	-0.644941238674	-0.146626347133	0.178028855774	0.558715968603	0.754257225435	0.720561199774	-0.700873977674	0.488929596597	0.365926884891	0.79338214429	-0.492698702997	-0.349477959742	0.449579448315	-0.178380287369
57826	-0.0418014136013	0.7529202728	0.0224766812378	0.137394770376	-0.550910761719	0.43741971423	0.580544616571	0.758060443116	0.127481070878	0.603722935034	-0.107614656578	0.369627951088	0.111374550642	-0.653107336804	-0.695907855071	-0.040584325428
670	0.17630481076	-0.257879271697	0.0747078951938	0.144305422228	-0.494671874303	0.413728590762	-0.64548766747	-0.62625779614	-0.0173497252521	-0.523287499232	-0.459504360622	-0.293981670601	-0.0844827076597	-0.305713513198	0.810501313566	0.484258391383
9212	0.0482159761166	0.549945163597	-0.721187453559	0.0177028808701	0.0714982039856	0.169909628549	0.780521751044	0.837421127282	-0.0788375327377	0.51662138361	0.511230274112	0.705446047488	-0.640803114499	-0.430870455165	0.701856285189	-0.166877800591
1063	0.314382410137	0.56423880642	0.31484478863	-0.246315065921	-0.271650008369	0.0309545745737	0.596450701783	0.901860555192	-0.417904062523	0.646485094993	0.591223813794	0.839361628259	-0.476627197967	-0.309856879031	0.466598003859	0.255331217688
1062	0.442717091888	0.844147780398	0.0480229099042	-0.62011648394	0.219724066304	0.490370656493	0.58498976016	0.835201908392	-0.407729369745	0.692674622501	0.794571634593	0.820192464659	-0.379769203663	-0.318108281519	-0.172787334792	0.1556007858
9232	0.236302734431	0.530561893012	-0.734654192229	-0.857533937641	0.517859870265	0.37079119559	0.704457031242	0.880575635871	-0.413427932257	0.535261610236	0.755482494703	0.770022650684	-0.658629509233	-0.428204388489	0.513881787227	-0.0528086057143
79682	0.0777903035329	0.214452064495	-0.696568670501	-0.590876941489	0.124242823837	0.00933982992996	0.557795813012	0.787135751388	-0.103163286344	0.479470824396	0.345080568478	0.74172324918	-0.557292789911	-0.363177540681	-0.047303231772	-0.0911360327294
492311	-0.5329739119	0.131037246391	0.236026522737	0.421948749255	0.397201910823	-0.247126724519	-0.619819461158	-0.672748240087	-0.457836759228	-0.650127553161	0.0295747061692	-0.510609368612	0.271773677556	0.535677380304	-0.738153397218	0.237531374659
80714	-0.818484713546	-0.598992167123	-0.853054066031	0.57418451015	0.383161620515	-0.628085714745	0.539337329776	0.0848249641841	-0.152123350096	0.152196553261	-0.494807293478	-0.738581703185	0.388227144101	-0.431402769259	-0.202072990844	-0.596467048577
7004	0.723208765383	0.0242814992345	-0.0564050272488	0.210290415921	-0.242515296725	-0.0375874295872	0.728508832243	0.450863858538	-0.41492221217	0.541029651697	0.298920109702	0.804190429661	0.0686317063956	0.551457538235	0.818846281757	-0.537548534414
8804	-0.206828986959	-0.107838555097	-0.0458629674395	-0.19456132289	0.598999011814	0.453289301293	-0.607832881036	0.77350396754	-0.0172775994098	0.430650051259	0.293737233464	-0.237487103623	-0.267718223139	-0.25206562796	-0.621042977635	-0.21964878654
8208	0.287303071514	0.5844162143	-0.699847401122	-0.622362702104	0.353764601134	-0.211976545443	0.589906668897	0.721158863413	0.918382833549	0.703175518034	0.663613030541	0.747215236965	-0.411328063018	-0.609085985238	0.648448379371	-0.265204917774
55143	0.265822788203	0.669337765697	-0.0929123362533	-0.45289807125	-0.0143615730132	0.522812991861	0.614164097298	0.876012874187	0.275517165665	0.700937732371	0.914035138341	0.728512802337	-0.332787301533	-0.128744063067	0.78137270894	-0.355291201539
995	0.098210060506	0.648996364736	-0.757812839687	-0.886453595906	-0.159466434921	0.536326759179	0.566296865354	0.890002992413	-0.337579494076	0.537524672613	0.682261790238	0.850528987018	-0.291919262293	-0.199962860022	0.504517274198	0.129299500234
991	0.535956957587	0.471141856319	-0.0475282430814	-0.597679359252	-0.226247830746	0.441106724621	0.713215711166	0.858340473806	-0.253706320773	0.69687469732	0.868952771618	0.803430702508	-0.0320903366479	-0.282420043098	0.754705530603	-0.200288552122
990	0.557324502059	0.351221219122	-0.301576259522	-0.424095290145	0.232466204312	0.631348243085	0.506620802929	0.851794581867	0.394763779842	0.562270166536	0.619063258504	0.76168743627	-0.668548515116	-0.439351343484	0.489355527229	-0.0837827782148
55355	-0.215897466856	0.582093840514	-0.124245171373	0.105753138869	0.0116825481486	0.336600614328	0.769882141832	0.883968755745	-0.0978068764387	0.562873405253	0.806803382255	0.853029346671	-0.571163737691	-0.250227799457	0.569098447836	-0.20928082153
374907	0.431306282574	-0.263876304561	-0.169144311857	-0.407455190638	0.596986108205	-0.372132056947	0.572246567005	0.66534714556	0.640406105741	0.49907048238	0.0977925172918	-0.910269032908	0.27681873364	0.465837748538	0.0414166390531	-0.0144237390326
7272	0.0834447240949	0.721719260328	0.206557354291	-0.498856283929	-0.393398910156	0.501470723076	0.647350468684	0.857463343675	0.00673021315506	0.545880429661	0.854228251307	0.726755985223	-0.639640936334	-0.591947700761	0.0617307357143	0.419377303795
55165	0.105352648131	0.557807111855	-0.541175290016	-0.557166851726	0.341961018395	0.398468810075	0.631902032067	0.887242156521	-0.0461415926728	0.61262058702	0.857571059374	0.834326861939	-0.539390403728	-0.405516913143	0.178802589569	-0.552822797662
