11 110 405 447 373
393 69 430 377 442
41 446 205 319 9
95 82 19 191 17
25 131 164 337 341
213 445 6 8 265
457 113 250 409 135
132 158 419 147 388
77 298 188 174 227
66 101 118 311 328
214 279 122 266 37
103 189 295 321 406
387 365 396 29 83
239 397 144 68 215
40 143 454 160 115
355 363 404 33 226
106 169 228 45 452
102 211 438 449 22
217 398 1 453 79
81 94 152 89 441
216 368 78 257 219
289 346 260 15 21
32 27 183 399 57
133 256 241 272 51
293 322 198 332 274
50 422 138 150 400
157 342 54 389 178
187 105 140 171 74
374 222 46 386 302
209 394 435 4 285
30 182 159 117 417
116 428 65 121 2
59 350 231 224 320
176 60 23 361 31
233 359 24 367 167
20 5 53 145 234
351 58 64 92 185
429 38 173 97 73
62 49 119 26 376
47 450 331 408 200
52 87 299 424 221
297 199 128 249 294
218 336 220 270 201
414 236 431 334 278
14 277 413 139 273
415 371 291 247 267
401 245 425 261 366
123 354 305 108 155
190 301 283 315 390
382 412 421 42 433
276 309 196 369 203
210 48 127 180 204
168 195 403 364 440
153 310 193 253 427
330 290 356 264 13
436 237 287 444 170
112 312 130 84 136
212 225 392 232 325
96 76 358 238 426
437 111 179 229 107
255 165 85 142 86
148 161 126 360 259
35 186 348 372 175
184 223 410 156 288
323 75 166 71 80
151 93 181 114 149
43 91 7 72 338
456 353 420 349 177
240 61 316 154 109
303 262 307 100 448
246 418 280 379 104
162 163 90 125 423
378 243 252 248 329
36 345 443 292 308
317 383 306 281 282
344 208 271 263 416
439 300 314 268 269
202 335 194 327 146
242 251 313 275 28
370 56 99 362 455
385 230 326 12 296
44 235 88 434 407
120 124 304 318 432
206 258 324 391 39
63 172 384 244 395
402 451 10 18 343
284 347 67 34 70
141 192 16 137 380
3 207 98 340 197
286 381 357 55 352
134 254 129 411 375
333 339
